0.220392099628278
0.443345771559551
0.390608477318118
0.125965712677873
-0.0879378097069494
0.443836869449903
0.343284743739151
0.606168269814081
-0.0312244153876912
0.348457243210389
0.643333119094067
0.125965712677873
0.255201561288798
0.443836869449903
-0.187344463823611
-0.0312244153876912
0.443836869449903
0.606168269814081
0.606168269814081
0.361522188142105
0.0550659362176574
0.125965712677873
0.361522188142105
0.386891586501016
0.606168269814081
0.354504932329314
0.282194346413264
0.348188973459458
-0.173631293575938
0.361522188142105
0.170300302628113
0.220392099628278
0.399168711228051
0.606168269814081
0.390608477318118
0.390608477318118
0.443345771559551
0.803608850429206
-0.181925818148389
0.643333119094067
0.31740877590495
0.399168711228051
0.202780426194583
-0.168647437196359
0.098726848080496
-0.21844988962484
0.148231327193948
0.334659395724376
0.162302303314071
-0.357635489377038
0.245780071807668
0.317413194739765
0.235683614127515
0.205107464287541
0.150677233655017
-0.713202908817378
-0.0522000773782118
-0.13269181684077
-0.486114495427593
-0.162800923862134
-0.0434170903648149
-0.453297001302107
-0.200364440059676
0.378767359934665
0.465011903134398
-0.195773809121727
0.0310680952200636
-0.803608321005997
-0.240606047300551
-0.377636982984156
0.10161995187461
0.158951825833324
-0.289988476648226
0.274805429251566
-0.115882671986487
-0.085706296953742
0.127030852172616
0.179813871036158
-0.652047521234452
-0.188659390041552
0.0234919990597819
0.335610848688027
0.117671539508865
0.0122720490659852
-0.0433709287336133
-0.149944705342608
-0.262571352640063
-0.24676013800365
